artist,song,lyricId,danceability,energy,key,loudness,mode,speechiness,acousticness,instrumentalness,liveness,valence,tempo,uri,duration_ms
Jackie Wilson,My Empty Arms,583,0.356,0.45,6,-6.677,1,0.03,0.924,0.000206,0.128,0.313,74.4,spotify:track:7CHmNiReghVLKbD032HHwz,172453
The String-A-Longs,Wheels,584,0.787,0.623,0,-8.241,1,0.0359,0.689,0.0932,0.144,0.869,128.327,spotify:track:789lq0oHhOa4pHh2y9rjkN,116360
The Platters,If I Didn't Care,585,0.463,0.277,5,-11.598,1,0.0265,0.92,7.95e-06,0.175,0.268,74.048,spotify:track:0hUrQ65aXYHm2zEAlBVI6F,191093
Jimmy Clanton,What Am I Gonna Do,586,0.699,0.481,7,-7.037,1,0.031,0.743,0.0,0.264,0.527,121.573,spotify:track:3vOD7C9yBRGNMte6RXzWyj,138716
Jack Scott,Is There Something On Your Mind,587,0.536,0.0599,9,-18.355,1,0.0298,0.84,0.0,0.0846,0.382,75.715,spotify:track:6HW8fAuEDFLfhJhVzqvd4K,164533
Ramrods,(Ghost) Riders In The Sky,588,0.442,0.717,9,-9.943,0,0.0395,0.518,0.262,0.184,0.376,120.914,spotify:track:5eUVr9Ja4GK6e1lcIXjML7,156933
Johnny Tillotson,Jimmy's Girl,590,0.57,0.377,1,-10.419,1,0.0272,0.779,0.0,0.169,0.547,107.897,spotify:track:23X7YrL4paYO9UhUTkyPBs,165616
Buzz Clifford,Baby Sittin' Boogie,591,0.476,0.679,1,-7.001,1,0.107,0.801,0.0,0.257,0.812,139.291,spotify:track:06is43MVB1a03zyhtRBLpX,124653
Freddy Cannon,Muskrat Ramble,593,0.587,0.876,2,-4.702,1,0.175,0.526,6.82e-06,0.369,0.849,167.057,spotify:track:5tayxTorhNcu0Ovz70VqOF,148400
Connie Francis,No One,594,0.527,0.323,3,-6.972,1,0.0278,0.702,1.37e-05,0.343,0.425,87.63,spotify:track:10R2MFLIpSAtCjJdXUUsJY,139000
Etta James,At Last,595,0.274,0.348,5,-8.631,1,0.0293,0.547,0.0133,0.334,0.328,87.43,spotify:track:4Hhv2vrOTy89HFRcjU3QOx,179693
Titus Turner,Sound-Off,596,0.583,0.831,1,-7.92,1,0.0359,0.569,0.0,0.0775,0.933,97.883,spotify:track:4xHlxSvdAE6o91oeAvXOfS,126533
Connie Francis,Where The Boys Are,599,0.366,0.408,0,-4.85,1,0.0301,0.81,0.0,0.328,0.378,108.819,spotify:track:70UvKFI48DAQ2suS58bu5l,157587
Van Dykes,Gift Of Love,601,0.505,0.558,0,-6.928,1,0.0303,0.755,0.000139,0.369,0.617,99.09,spotify:track:5FiTi67Q8krrT0gBM7X62V,147200
Etta Jones,When I Fall In Love,602,0.311,0.361,0,-9.295,1,0.0303,0.919,0.145,0.177,0.28,77.496,spotify:track:79Mf2Y6Qm6ajJ1AeHouZxI,177093
Maurice Williams & The Zodiacs,I Remember,603,0.534,0.605,8,-9.899,1,0.0389,0.842,0.000667,0.25,0.663,114.072,spotify:track:5wHxSi0qqm84StmOZuSQ5J,127467
Chubby Checker,Pony Time,604,0.453,0.609,8,-6.662,1,0.0296,0.00868,3.43e-05,0.0797,0.96,77.36,spotify:track:2XPEv2sB6c44DSocT2TwAc,147427
Bobby Rydell,Good Time Baby,605,0.506,0.844,5,-6.58,1,0.0725,0.617,0.0,0.645,0.854,168.78,spotify:track:5Zt2tF219dfVI32VAORqXH,129467
Jackie Wilson,The Tear Of The Year,606,0.452,0.435,8,-6.225,1,0.0294,0.832,1.59e-06,0.0859,0.351,97.114,spotify:track:6aVmTAiMtCXGCdsCvoYsSC,157480
The Shirelles,Dedicated To The One I Love,607,0.398,0.325,10,-6.159,1,0.0382,0.812,0.0,0.169,0.454,80.563,spotify:track:36f5xtZ2CXIc1WOirnnD3j,120307
Fats Domino,What A Price,608,0.418,0.297,8,-12.376,1,0.0343,0.853,0.00524,0.362,0.622,185.111,spotify:track:6FodKjIrgo6gIUQq8gcWGV,143960
Little Willie John,Leave My Kitten Alone,609,0.502,0.638,8,-9.673,1,0.0334,0.644,3.7e-05,0.304,0.932,104.182,spotify:track:6UzdsQ8uKD6wSSeoui8Aos,153739
"The ""5"" Royales",Dedicated To The One I Love,611,0.461,0.32,8,-10.759,1,0.0385,0.398,9.97e-06,0.197,0.761,110.718,spotify:track:0p7mtSBkoZY14zR7QqUtid,165173
Nina Simone,Trouble In Mind,613,0.495,0.373,0,-10.609,0,0.0377,0.823,0.0,0.0901,0.729,106.068,spotify:track:1MBgXSmV94CZZT2dXyctBb,160840
Mello-Kings,"Tonite, Tonite",614,0.451,0.404,7,-11.071,1,0.035,0.707,0.0,0.3,0.666,78.902,spotify:track:6OmgGmYVAF1qj0rJj4MooU,152373
The Sevilles,Charlena,615,0.727,0.714,3,-10.063,0,0.0314,0.172,0.0091,0.112,0.963,117.511,spotify:track:7vcJkzUTxuGvrs14PM6qSY,168533
Roy Hamilton,You Can Have Her,617,0.489,0.706,3,-12.636,1,0.057,0.473,0.0,0.621,0.638,101.593,spotify:track:2MAoJ97inXy07VArmGOfKe,165933
The Everly Brothers,Ebony Eyes,618,0.317,0.161,4,-18.856,1,0.0322,0.808,0.0,0.104,0.287,84.64,spotify:track:5cGZE6yM5i0ZlWut6wawsN,188093
Gene Pitney,(I Wanna) Love My Life Away,620,0.548,0.694,0,-9.356,1,0.0359,0.811,5.38e-05,0.596,0.924,136.36,spotify:track:1fNR9tY52D1V79V5eNqxxx,114907
Jimmy Reed,Close Together,621,0.627,0.667,9,-9.587,1,0.0579,0.747,0.000356,0.141,0.836,94.203,spotify:track:73XbHfhzXOtkKTdz4yK9Yb,154973
Carla Thomas,Gee Whiz (Look At His Eyes),622,0.228,0.358,5,-7.161,1,0.0306,0.582,2.84e-06,0.129,0.324,179.652,spotify:track:68IngNKFxLJQZvTyzYIKIg,141840
Mary Wells,Bye Bye Baby,623,0.638,0.735,4,-7.208,0,0.0496,0.687,0.161,0.488,0.813,122.758,spotify:track:2zsACOescN0P52A1vXI0iK,176560
The Coasters,Wait A Minute,624,0.718,0.538,1,-8.905,1,0.074,0.848,0.0,0.347,0.796,128.293,spotify:track:6Jm93p3ISmnMDH3IlN3vxG,159667
Johnny Burnette,Little Boy Sad,625,0.387,0.751,6,-9.043,0,0.119,0.00193,0.00495,0.0752,0.788,192.982,spotify:track:3t8I5LfRhVdqdxdGeKFnUv,125693
The Everly Brothers,Walk Right Back,626,0.625,0.358,1,-13.199,1,0.0342,0.749,0.0,0.0593,0.871,135.797,spotify:track:3NUXLtK8UGdD8TvZ12b4dD,139640
Dee Clark,Your Friends,627,0.73,0.44,10,-14.91,1,0.0418,0.51,0.0,0.178,0.828,134.053,spotify:track:5UPB1Bodo6FPlWbjkLm5WX,130636
Dion,Havin' Fun,629,0.358,0.364,1,-14.805,1,0.0304,0.882,0.00465,0.247,0.519,63.052,spotify:track:5MwAvp85J0t4PDqcQ0DLNQ,136333
Johnny Maestro,Model Girl,630,0.702,0.512,10,-11.291,1,0.0361,0.777,0.0,0.202,0.963,126.541,spotify:track:43cG3qOGaOCtRN58ez1Pgc,149067
Damita Jo,Keep Your Hands Off Of Him,631,0.534,0.853,2,-3.747,1,0.0586,0.795,0.00013,0.578,0.773,134.46,spotify:track:2JuHkrWEmd7h2plB0mIBRW,149653
Bobby Darin,Lazy River,632,0.481,0.634,8,-1.91,1,0.037,0.661,0.0,0.0799,0.548,133.569,spotify:track:7aUntLt00Tgpawu1zrQvKd,152320
The Four Preps,Calcutta,633,0.648,0.662,9,-9.856,1,0.0286,0.0532,0.0313,0.0985,0.966,88.175,spotify:track:0aPiYc5UPHh4jwMPNaLugx,133267
Brook Benton,For My Baby,634,0.66,0.305,7,-15.929,1,0.0637,0.551,0.0,0.0589,0.616,105.899,spotify:track:7p64JJtRFSwlOp07twxVZs,161360
Bobby Vee,Stayin' In,636,0.49,0.331,7,-11.04,1,0.0634,0.524,1.89e-05,0.107,0.583,142.623,spotify:track:216MJwr3jtriO8Y8c6zal6,125547
Brook Benton,Think Twice,637,0.443,0.217,3,-14.609,1,0.038,0.935,0.00757,0.12,0.321,79.065,spotify:track:3rjOwWd1wgJNvoqskwcPhT,167102
Don Gibson,What About Me,642,0.519,0.397,2,-13.02,1,0.0281,0.663,0.0,0.0764,0.688,85.041,spotify:track:1QdxAlq7M0dW9Kpu7LQbgx,131560
Bill Black's Combo,Hearts Of Stone,643,0.89,0.438,0,-10.684,1,0.0438,0.164,0.926,0.0547,0.961,117.728,spotify:track:71TJl06EAYPxNJMEXBeGJ3,128413
Chuck Jackson,I Don't Want To Cry,644,0.376,0.504,0,-9.454,1,0.0372,0.368,1.72e-06,0.162,0.625,140.794,spotify:track:0jHpO6NhB35tEjRgwcvPLA,139533
The Vibrations,The Watusi,646,0.633,0.682,1,-6.14,1,0.0321,0.466,9.19e-05,0.561,0.831,129.804,spotify:track:5hleF20R6SrI99rz269cSS,154027
Dickie Goodman,The Touchables,647,0.633,0.454,7,-11.29,1,0.64,0.857,0.000159,0.329,0.85,135.105,spotify:track:7BywmFdliPDRvotH59zWTQ,110040
Hank Ballard And The Midnighters,Let's Go Again (Where We Went Last Night),649,0.365,0.77,0,-7.779,1,0.0676,0.469,1.47e-05,0.135,0.812,137.515,spotify:track:5EILqUxXppdJhvrHia72ri,186027
Clarence Henry,But I Do,650,0.662,0.535,10,-5.457,1,0.027,0.563,0.0,0.125,0.83,109.695,spotify:track:1a9EyBydOYhE7SGSodUIjP,141200
Danny & The Juniors,Pony Express,651,0.542,0.478,2,-10.241,1,0.11,0.223,0.0,0.3,0.95,165.543,spotify:track:3SzizrskGZBj2oSWycYkV6,149066
Bobby Bland,I Pity The Fool,652,0.554,0.193,5,-16.14,0,0.0469,0.695,0.0,0.103,0.366,92.993,spotify:track:4Nxid85fmQidPAY1ZD8Bo1,136867
Mark Dinning,"Top Forty, News, Weather And Sports",653,0.444,0.536,2,-10.022,1,0.0329,0.809,8.57e-06,0.28,0.923,154.092,spotify:track:62z2Gtm5Pmzecb2lvLp8PU,145267
Cathy Jean and The Roommates,Please Love Me Forever,654,0.58,0.395,1,-9.637,1,0.0261,0.909,0.000144,0.132,0.678,102.978,spotify:track:4FsCwhDpGkBOKRtC4jLA0B,175733
Johnny And The Hurricanes,Ja-Da,655,0.664,0.565,2,-15.248,1,0.0369,0.706,0.00357,0.17,0.969,157.171,spotify:track:7sJMF0hrpfIxH4wO5TShMo,124227
Frankie Avalon,All Of Everything,656,0.311,0.126,9,-16.616,1,0.0341,0.777,0.0,0.0766,0.344,185.306,spotify:track:5J4h8cvZuziCL12hP6tfzm,153757
James Brown And The Famous Flames,Bewildered,657,0.468,0.4,5,-9.843,1,0.0322,0.461,0.0,0.112,0.43,104.929,spotify:track:3yEJaav55jS4ZVImqiJP6r,146933
Bobby Vee,More Than I Can Say,658,0.578,0.295,1,-10.379,1,0.0294,0.792,0.0,0.109,0.603,101.171,spotify:track:1t2zYsS4UgIkkuBgSe0fZt,149973
The Echoes,Baby Blue,660,0.5,0.373,7,-13.548,1,0.0275,0.779,0.0,0.0667,0.727,132.368,spotify:track:5Kt64y0teh7Y23o8JHNC8l,156813
Sam Cooke,That's It - I Quit - I'm Movin' On,661,0.646,0.57,10,-7.101,1,0.121,0.753,0.0,0.121,0.925,120.1,spotify:track:0gKhmpLiJ2awP0WlvPGPSm,151133
Ray Charles,One Mint Julep,662,0.735,0.457,8,-12.052,1,0.135,0.63,0.665,0.0357,0.787,129.488,spotify:track:3Pq3nWYY5IBHfFhCdrZgzt,189227
Jerry Butler,Find Another Girl,663,0.631,0.517,1,-8.815,0,0.0386,0.907,0.0,0.176,0.728,125.593,spotify:track:6Amd6FpVPI5nJYop05KHq2,172640
Steve Lawrence,Portrait Of My Love,664,0.31,0.312,0,-9.321,1,0.0269,0.85,4.51e-05,0.325,0.256,90.169,spotify:track:6csU5EvfcRi2NNoOwNVg8A,170692
Del Shannon,Runaway,665,0.594,0.533,10,-7.993,0,0.0438,0.153,1.49e-05,0.172,0.729,78.552,spotify:track:45Szkclj1lt4ubm7RFK68t,137307
The Larks,It's Unbelievable,666,0.22,0.328,2,-10.12,0,0.0284,0.982,0.000434,0.134,0.302,172.208,spotify:track:57gvCnV4DqXskdbxv8z899,139107
Freddy King,Hide Away,667,0.649,0.635,9,-11.509,1,0.0306,0.194,0.597,0.0583,0.91,133.837,spotify:track:3jkHKjSamNIw78f68dqA93,157707
Frank Sinatra,The Second Time Around,668,0.264,0.238,0,-11.106,1,0.031,0.82,0.0,0.109,0.178,88.295,spotify:track:54zAXU0nKTzIfN0g7gfvNS,182000
The Marcels,Blue Moon,669,0.617,0.444,7,-10.133,1,0.0371,0.698,0.0,0.0999,0.913,127.699,spotify:track:0pnfT3OLqlnIvO0uMYgCfM,133453
The Tokens,Tonight I Fell In Love,671,0.614,0.752,5,-6.722,1,0.0291,0.537,0.0,0.0818,0.804,134.988,spotify:track:5Je693k5EPOByKPmjPoFnv,107827
Edith Piaf,Milord,672,0.51,0.388,7,-6.575,1,0.0559,0.844,0.0,0.153,0.56,106.501,spotify:track:0qAtbrY5DNGHtAl1L0CQzS,270440
The Enchanters,I Lied To My Heart,673,0.308,0.321,5,-7.032,1,0.0317,0.833,0.0,0.116,0.525,68.7,spotify:track:0p0ZTFGOAFeAsUDbU6rJIQ,157947
Paul Anka,"Tonight My Love, Tonight",675,0.545,0.66,4,-7.872,1,0.0304,0.657,0.0,0.634,0.884,125.069,spotify:track:0hYEYnKYQt5d0zQdUABH3V,128067
Adam Wade,Take Good Care Of Her,676,0.473,0.463,11,-8.982,1,0.0392,0.671,2.2e-06,0.106,0.41,114.324,spotify:track:0XkuWDNnWDOZbGlZFGWMLO,146933
Jackie Wilson,Please Tell Me Why,677,0.472,0.397,10,-5.409,1,0.0362,0.804,0.0,0.301,0.672,106.082,spotify:track:4S2YE89fZPWOsHoEquZTLZ,122000
Etta James,Trust In Me,678,0.486,0.377,10,-6.777,0,0.0309,0.776,0.0,0.39,0.5,64.033,spotify:track:5Zu9mG353GB3p26t7M5AmR,178467
Rosie,Lonely Blue Nights,679,0.386,0.216,0,-7.853,1,0.0354,0.938,1.19e-06,0.105,0.417,198.454,spotify:track:74oEwvr2my7wMYJYl5WiMo,151867
The McGuire Sisters,Just For Old Time's Sake,681,0.444,0.386,11,-9.99,1,0.0291,0.913,0.0,0.828,0.338,123.929,spotify:track:2Oy8RjlzGSZuNtmnqTHQq2,169333
Marv Johnson,Merry-Go-Round,682,0.518,0.998,0,-9.366,1,0.881,0.562,0.0104,0.529,0.0303,79.228,spotify:track:0LyLRMXGA5t1xm3fW7VSOk,156267
Donnie Brooks,Memphis,683,0.517,0.77,11,-11.657,1,0.0745,0.603,0.0,0.356,0.849,97.114,spotify:track:26ecDeti5s5fPVyOft93hX,113181
Little Willie John,The Very Thought Of You,684,0.385,0.399,3,-9.812,1,0.0279,0.0871,0.000689,0.0827,0.346,87.819,spotify:track:0qBFeHjlC4yBTQVPCI2gg3,139867
Jackie Wilson,Your One And Only Love,688,0.34,0.369,10,-9.975,1,0.0301,0.837,1.01e-06,0.136,0.469,109.959,spotify:track:7M6YTNCCXcD4kK34pDBg7u,165867
Fats Domino,Fell In Love On Monday,689,0.587,0.54,5,-6.843,1,0.0257,0.104,0.0,0.131,0.871,110.221,spotify:track:3diYOnXDyWau7JJNG76u3c,115947
Kay Starr,Foolin' Around,690,0.516,0.447,3,-10.501,1,0.0578,0.974,0.0,0.305,0.839,173.477,spotify:track:7wAzqU8jYiqjLSvaTsfPxR,140733
Gene McDaniels,A Hundred Pounds Of Clay,691,0.684,0.389,0,-10.933,1,0.035,0.604,0.0,0.369,0.824,129.06,spotify:track:4s9qKAu0wMyIWVUB7Cuv3j,142027
Duane Eddy,Theme From Dixie,692,0.627,0.59,4,-13.312,1,0.0272,0.649,0.935,0.4,0.969,106.806,spotify:track:3L3nhRywze6Ri0FmU6Fp7n,120333
The Drifters,Some Kind Of Wonderful,694,0.516,0.506,5,-9.043,1,0.0343,0.721,1.17e-06,0.176,0.622,121.292,spotify:track:7nn0V1maFiJDBDg2umSGMb,140533
Fats Domino,Shu Rah,695,0.666,0.591,0,-11.208,0,0.0318,0.0954,0.617,0.0809,0.851,112.749,spotify:track:1E1ivNaCO40o7mjdWgUC3G,104733
Jim Reeves,The Blizzard,697,0.609,0.254,0,-16.064,1,0.037,0.813,0.00757,0.114,0.547,126.319,spotify:track:7trQt6FiO9hWIf2ltWNmuG,203027
Ernie K-Doe,Mother-In-Law,698,0.81,0.524,7,-9.77,0,0.0339,0.77,1.03e-05,0.161,0.949,130.214,spotify:track:39h384i9hij2H9Qtl9XUuu,153093
Brenda Lee,You Can Depend On Me,699,0.563,0.153,11,-13.87,1,0.0272,0.857,0.00193,0.085,0.335,92.487,spotify:track:6sEzDVlcfYn2akvtzUitrb,214520
Maxine Brown,Funny,700,0.42,0.553,5,-6.077,0,0.0316,0.87,0.003,0.107,0.625,102.134,spotify:track:5dJNVXoKKXeoFVP6eYhvst,138333
Shep And The Limelites,Daddy's Home,702,0.493,0.123,5,-13.875,1,0.0366,0.939,8.58e-06,0.146,0.273,144.64,spotify:track:2Vr3XMnJyu60xBUUchWUrI,174200
Johnny Horton,Sleepy-Eyed John,703,0.653,0.578,0,-13.647,1,0.0974,0.52,0.0,0.0711,0.866,103.166,spotify:track:5D9WxxdVOHUeBVMkVmQxZm,159307
B. Bumble & The Stingers,Bumble Boogie,704,0.538,0.871,9,-5.24,1,0.0461,0.411,0.878,0.072,0.767,169.851,spotify:track:1EodQWVLRiMQLtbN2MHIK6,133800
Jimmy Jones,I Told You So,706,0.573,0.651,0,-10.445,1,0.158,0.74,0.0,0.38,0.873,121.816,spotify:track:0coxJ1H2iiOeCaVRCzHROs,120512
Paul Revere & The Raiders,"Like, Long Hair",707,0.36,0.939,0,-10.377,1,0.0365,0.8,0.841,0.0841,0.7,85.483,spotify:track:1IIpglMfoS0Rge2ZpBTmRm,115360
Janie Grant,Triangle,708,0.674,0.59,0,-8.735,1,0.0445,0.306,2.04e-06,0.0884,0.843,121.33,spotify:track:03X56OrDOejgWEz5bVX1gJ,145093
The Capris,Where I Fell In Love,709,0.504,0.346,5,-12.891,1,0.0284,0.724,0.0,0.205,0.572,68.198,spotify:track:3RN7zbk7QEKR0k3IYGObfp,143107
The Olympics,Little Pedro,710,0.63,0.741,0,-8.361,1,0.0884,0.481,0.0,0.184,0.852,81.03,spotify:track:5BgE8s7fSRdNjnX3cvDyKb,142373
The Texans,Green Grass Of Texas,711,0.47,0.972,1,-5.959,1,0.0482,0.639,0.905,0.286,0.862,137.837,spotify:track:6Acz8htWPRE4fpk4bvAEr2,141947
Hank Ballard And The Midnighters,The Continental Walk,712,0.722,0.454,1,-10.849,1,0.0527,0.633,1.47e-05,0.174,0.82,111.292,spotify:track:12va5dqzKOAO7kBLXD4m9g,222733
The Platters,Trees,713,0.334,0.209,3,-12.374,1,0.0331,0.901,1.33e-06,0.0897,0.294,119.349,spotify:track:1CrXQTpGrMhym7ASXcmTzd,148827
The Frogmen,Underwater,715,0.491,0.909,0,-5.21,1,0.0406,0.654,0.942,0.0802,0.923,143.415,spotify:track:15RAM0eY6ILldKcnI3jywF,125920
Conway Twitty,The Next Kiss (Is The Last Goodbye),717,0.489,0.535,7,-10.399,1,0.0838,0.879,0.0,0.164,0.374,77.23,spotify:track:7kOC1rXz5Kx6TycRg8yzMj,127440
Ray Peterson,Sweet Little Kathy,718,0.359,0.405,9,-11.363,1,0.0386,0.316,0.0,0.295,0.542,120.487,spotify:track:68n5UfHyShU45aHYamc2j5,139656
The Brothers Four,Frogg,719,0.534,0.298,1,-16.544,1,0.123,0.806,1.94e-06,0.116,0.726,177.467,spotify:track:3hJZU6pDU70unNVpThiVM6,161533
Roy Orbison,Running Scared,720,0.572,0.392,9,-10.555,1,0.0325,0.778,0.000435,0.15,0.381,128.255,spotify:track:6sbj89WozjblBMa5u41orw,132040
Eddie Harris,Exodus,721,0.584,0.217,9,-15.429,0,0.0322,0.839,0.000956,0.107,0.492,117.792,spotify:track:35h5WR17DqnV6sNP2tYtW9,399427
Chuck Jackson,(It Never Happens) In Real Life,722,0.696,0.459,3,-8.464,1,0.0303,0.691,0.0331,0.138,0.849,119.069,spotify:track:4qpH2D4VQfOCdV7zYkt8Hr,165440
The Roommates,Glory Of Love,724,0.531,0.395,5,-7.991,1,0.0273,0.694,3.66e-06,0.0901,0.74,110.662,spotify:track:2f6s89LHeGIcX0ygUH9sT3,126693
The Rollers,The Continental Walk,725,0.603,0.732,0,-5.647,1,0.0372,0.807,0.0,0.0993,0.802,105.425,spotify:track:00Bu7AiNb06604KMuYTQAi,143627
Maurice Williams & The Zodiacs,Come Along,727,0.543,0.662,10,-8.164,1,0.0572,0.744,0.0,0.233,0.729,121.901,spotify:track:0KkmbMeW0di1BgRRzN9ca6,102653
Chuck Jackson,Mr. Pride,730,0.389,0.462,0,-11.579,1,0.0364,0.971,1.19e-05,0.361,0.693,96.306,spotify:track:5NeAsRDKMFwNoq6Mch9QFu,145322
LaVern Baker,Saved,732,0.608,0.6,10,-12.372,1,0.0527,0.575,0.0,0.437,0.932,145.735,spotify:track:091baWWCDEowJprUts9La0,174733
Faron Young,Hello Walls,733,0.62,0.406,0,-10.421,1,0.0281,0.722,6.73e-06,0.114,0.695,101.489,spotify:track:4dim8F8t01qimHOmr6S3Gd,146840
Roy Drusky,Three Hearts In A Tangle,734,0.531,0.271,0,-12.465,1,0.026,0.46,0.000803,0.0977,0.377,96.555,spotify:track:7yQttsqzo0g6RJbgYUElxJ,158222
Connie Francis,Breakin' In A Brand New Broken Heart,735,0.327,0.238,0,-7.387,1,0.0289,0.824,0.0,0.0877,0.213,83.352,spotify:track:4Z2sM6VTcNZZQjpjR267go,157520
Chubby Checker,"Good, Good Lovin'",736,0.568,0.813,5,-6.098,1,0.154,0.574,5.73e-05,0.054,0.94,152.591,spotify:track:74a9dgVrUnZfZewMWgs5xi,144360
The Shirelles,Mama Said,737,0.604,0.591,8,-6.874,0,0.0614,0.704,0.0,0.47,0.829,140.558,spotify:track:5sGeyWYDvUIF7QjERNCY7L,130893
Ral Donner,Girl Of My Best Friend,738,0.645,0.211,1,-16.09,0,0.0373,0.862,5.46e-06,0.129,0.731,134.907,spotify:track:22CJtUo2zz8CzjLoiPzjdi,137509
Bobby Freeman,The Mess Around,739,0.593,0.733,2,-12.244,1,0.0413,0.798,0.0,0.47,0.966,146.989,spotify:track:3QAkevtri76hEcI6bi1iQj,150200
The Fleetwoods,Tragedy,741,0.482,0.124,1,-21.775,1,0.0321,0.658,0.00814,0.125,0.287,181.061,spotify:track:7r60cjhpBJxUuU631Q5YGd,166160
Ricky Nelson,Travelin' Man,742,0.723,0.44,2,-10.536,1,0.0319,0.667,0.0,0.128,0.843,123.217,spotify:track:1sM0yZDxUhPQhkDh2CLd6l,143200
The Limeliters,A Dollar Down,743,0.492,0.483,0,-13.851,1,0.197,0.595,5.6e-06,0.0454,0.901,211.206,spotify:track:4MYwuoHZRF7zcWH9zXUhDQ,158093
Dickie Goodman,The Touchables In Brooklyn,744,0.72,0.455,6,-11.189,1,0.847,0.914,3.34e-05,0.14,0.795,114.433,spotify:track:0Z92h6rKELLqw9uyy5vH0I,110014
Chubby Checker,(Dance The) Mess Around,745,0.511,0.694,10,-5.509,1,0.0479,0.381,0.0,0.195,0.826,146.559,spotify:track:58EirkLFB6O6wwRN9JowHB,132933
Paris Sisters,Be My Boy,746,0.173,0.101,1,-16.909,1,0.0424,0.904,6.39e-05,0.113,0.211,184.768,spotify:track:6A4GF6fhQyP49J3YzjajCZ,118960
The Marathons,Peanut Butter,747,0.594,0.583,2,-8.697,1,0.0312,0.403,0.0,0.311,0.915,118.751,spotify:track:30FmylGA0FPLdO83DJBneR,121720
Gogi Grant,The Wayward Wind,748,0.528,0.263,11,-15.26,1,0.0357,0.656,2.59e-06,0.192,0.569,138.437,spotify:track:2VqsUEpRPvgiiBdsBuQrJz,157280
Andy Williams,The Bilbao Song,750,0.415,0.533,0,-12.496,1,0.0369,0.841,8.13e-06,0.184,0.902,175.216,spotify:track:68cXqkPaHAFkotUv3ETwZD,135773
Bobby Lewis,Tossin' And Turnin',751,0.569,0.722,0,-8.914,1,0.0393,0.225,0.0,0.108,0.965,142.736,spotify:track:79s3pSe1u6ggQBEwVPm58Z,159640
The Starlets,Better Tell Him No,752,0.413,0.628,8,-4.441,1,0.0522,0.739,0.0,0.608,0.865,87.096,spotify:track:5tscs7pvEkhPtZS2Bi1Q0p,153307
Les Paul And Mary Ford,Jura (I Swear I Love You),755,0.378,0.647,7,-7.055,1,0.0291,0.632,0.199,0.306,0.805,169.009,spotify:track:4QLWWkqGW0YhGy4GMDzuuo,135467
The Coasters,Little Egypt (Ying-Yang),756,0.869,0.322,10,-15.825,1,0.0718,0.553,0.0,0.261,0.876,116.196,spotify:track:2zXOV0ot7bh5P9d1bxZcu7,172933
Bobby Rydell,That Old Black Magic,759,0.475,0.831,8,-6.502,1,0.318,0.59,0.0,0.386,0.731,177.452,spotify:track:7K5CKprjeXQTbe1tw4eAOh,144707
Neil Sedaka,Little Devil,760,0.542,0.74,0,-6.124,1,0.0317,0.61,0.0,0.256,0.904,154.352,spotify:track:4QC7vy5Oq4LKxhdPAnUJxc,162640
Ricky Nelson,Hello Mary Lou,761,0.602,0.633,9,-9.756,1,0.0314,0.502,0.0,0.0614,0.931,98.995,spotify:track:6ImmlZj8ysK2jDnqqbKp60,138547
Little Caesar and The Romans,Those Oldies But Goodies (Remind Me Of You),762,0.475,0.257,7,-16.965,1,0.0305,0.979,3.68e-06,0.547,0.508,96.761,spotify:track:05xGj0TWWNfOF76CzY9woN,199132
Freddy Cannon,Buzz Buzz A-Diddle-It,763,0.379,0.968,5,-5.489,0,0.213,0.445,9.44e-06,0.18,0.786,117.417,spotify:track:046Ob1UgXlcBBlJLmhfIpw,147880
Dee Clark,Raindrops,764,0.381,0.719,7,-7.613,1,0.0494,0.452,0.0,0.689,0.563,114.086,spotify:track:6CqTD9nWwf8R1yPVkIVdF5,179665
Johnny Burnette,Big Big World,765,0.543,0.291,4,-10.863,1,0.0288,0.811,0.0,0.11,0.608,112.103,spotify:track:4AbV3QiDq9ESX3f5IiouAO,143573
Donnie and The Dreamers,Count Every Star,767,0.393,0.358,0,-10.445,1,0.0308,0.845,2.09e-06,0.15,0.481,136.188,spotify:track:6R8dZJ0hAurSStsFZf7EDF,118960
Pat Boone,Moody River,768,0.767,0.269,3,-14.983,1,0.0333,0.774,0.0,0.0875,0.534,129.921,spotify:track:2TEdI0KNrYHo4UPhrt0ais,157267
Tony Orlando,Halfway To Paradise,769,0.569,0.476,2,-12.647,1,0.0348,0.536,0.0,0.111,0.65,119.336,spotify:track:3xb0l6qhIK0JkozAHxLDCx,155693
Dion,Kissin Game,771,0.383,0.451,2,-8.626,1,0.0392,0.762,0.0,0.102,0.623,125.074,spotify:track:3T4obVwhuRZkhVUepaFMf4,160827
The Edsels,Rama Lama Ding Dong,772,0.609,0.709,1,-7.056,1,0.0321,0.254,1.05e-05,0.106,0.949,122.465,spotify:track:3MfO2eMTwf5LLyMqjwGXLl,147720
Ben E. King,Stand By Me,773,0.65,0.306,9,-9.443,1,0.0393,0.57,7.07e-06,0.0707,0.605,118.068,spotify:track:3SdTKo2uVsxFblQjpScoHy,180056
Carla Thomas,A Love Of My Own,774,0.244,0.346,0,-8.741,1,0.0302,0.813,0.00171,0.313,0.435,185.453,spotify:track:5RmFLhiJu0U2m28BeFC8Jy,152240
The Timetones,In My Heart,775,0.532,0.597,0,-8.951,1,0.0389,0.835,0.0,0.242,0.964,95.461,spotify:track:0DwrBte9lg5HYIVC8aJ9p1,151208
Lenny Miles,In Between Tears,777,0.703,0.556,11,-7.601,1,0.0326,0.756,0.0,0.0948,0.966,125.89,spotify:track:15jedQZra2UBjZcd78gQu5,138053
Jerry Wallace,Life's A Holiday,778,0.727,0.478,7,-10.158,1,0.0429,0.788,0.0,0.184,0.803,110.763,spotify:track:3e8Rqh9GPB4g6qPNPIYN6n,153280
The Blossoms,Son-In-Law,779,0.816,0.457,10,-12.06,1,0.0453,0.551,0.0,0.0887,0.932,137.256,spotify:track:3NLlqYIXCzgigXy4c3eH8s,125933
The Harptones,What Will I Tell My Heart,780,0.333,0.574,7,-4.976,1,0.0303,0.71,0.0,0.395,0.35,97.761,spotify:track:4zlIDHZRhGoAmLiQ4kCSDU,144733
Dinah Washington,Our Love Is Here To Stay,781,0.412,0.112,4,-14.568,0,0.047,0.915,5.79e-05,0.114,0.198,118.653,spotify:track:2hqEfg0DDLIC2hRSu3X17S,151173
Louise Brown,Son-In-Law,782,0.665,0.755,0,-7.786,1,0.0501,0.857,0.0011,0.203,0.965,133.165,spotify:track:3UOq6MS3TiIbf5RgVFXreu,115213
Elvis Presley,I Feel So Bad,783,0.502,0.68,5,-11.368,1,0.0406,0.75,0.0483,0.232,0.937,91.813,spotify:track:42X4AMue61nbWRF7VGIbSz,174160
The Regents,Barbara-Ann,784,0.264,0.453,5,-13.253,1,0.0356,0.85,0.0,0.245,0.695,167.541,spotify:track:44iYHhqsZumnQedqNtOK6x,135507
Clarence Henry,You Always Hurt The One You Love,785,0.728,0.433,10,-9.143,1,0.037,0.833,1.53e-06,0.0598,0.541,112.216,spotify:track:50l67uDFLIW3d9C5QCf4Kr,150507
Adam Wade,The Writing On The Wall,786,0.737,0.283,1,-11.696,1,0.041,0.543,0.000258,0.0733,0.747,124.07,spotify:track:4ECyERuKQUKEhtQGpoKKwi,150240
Pips,Every Beat Of My Heart,788,0.338,0.362,0,-13.103,1,0.0323,0.812,2.52e-05,0.229,0.425,173.985,spotify:track:75hgmQO2o2IUx0vgl0l54e,114667
Gladys Knight And The Pips,Every Beat Of My Heart,789,0.338,0.362,0,-13.103,1,0.0323,0.812,2.52e-05,0.229,0.425,173.985,spotify:track:75hgmQO2o2IUx0vgl0l54e,114667
James Brown And The Famous Flames,I Don't Mind,790,0.715,0.205,0,-17.551,1,0.0281,0.879,0.228,0.138,0.679,97.274,spotify:track:2ccAMXmyEIP9JUIWSsTZFA,163267
The New Yorkers,Miss Fine,791,0.577,0.874,7,-6.105,1,0.0458,0.753,0.000152,0.111,0.885,140.132,spotify:track:2hQGSyxrGKGlvCNDCFhy9d,148413
Brook Benton,The Boll Weevil Song,792,0.716,0.34,0,-17.01,1,0.0585,0.248,2.89e-06,0.309,0.661,133.337,spotify:track:5gCkto8RSjGPynLo3GjOk0,160000
Fats Domino,It Keeps Rainin',794,0.81,0.671,5,-6.361,1,0.0374,0.41,9.77e-05,0.12,0.969,117.903,spotify:track:0aflkSQaHnq3ZCaMoawMSu,162716
The Dukays,The Girl's A Devil,796,0.721,0.416,7,-11.26,1,0.0377,0.772,0.0,0.228,0.916,130.678,spotify:track:1ViXf1GXbu63qufb0eoua2,149907
The Belmonts,Tell Me Why,797,0.341,0.572,5,-8.604,1,0.0359,0.762,2.38e-05,0.417,0.761,80.339,spotify:track:7mogqg1O2pjRnQ85E5phHt,164141
Freddy King,Lonesome Whistle Blues,800,0.675,0.384,7,-10.106,0,0.0458,0.847,2.39e-06,0.14,0.76,100.734,spotify:track:3DLic67t4RSNW2oHirZYIg,176867
Patsy Cline,I Fall To Pieces,801,0.54,0.0568,10,-20.508,1,0.0351,0.917,1.01e-06,0.12,0.506,111.791,spotify:track:6zFsz86nAj5gcvzyVqNL3k,171333
The Cleftones,Heart And Soul,802,0.519,0.396,8,-8.751,1,0.0292,0.681,0.0,0.719,0.942,148.534,spotify:track:5XoYj1BbiLSzBjhPoMv09C,113640
U.S. Bonds,Quarter To Three,803,0.473,0.824,0,-9.325,0,0.178,0.929,0.0547,0.866,0.923,165.457,spotify:track:7aHn8rGeEGkDkQiUV0DpW1,150400
Junior Parker,Driving Wheel,804,0.401,0.454,7,-11.52,1,0.0339,0.688,1.5e-06,0.101,0.656,80.692,spotify:track:5oLY2gz4HnKTcXxKkaGrsa,160773
Paul Anka,Dance On Little Girl,805,0.584,0.489,8,-10.49,1,0.03,0.427,0.0,0.156,0.896,132.891,spotify:track:7hicCfvTRlRjkrHYim5Gp4,113107
Arthur Lyman Group,Yellow Bird,806,0.552,0.0342,2,-29.519,1,0.0497,0.953,0.828,0.0937,0.67,119.306,spotify:track:1bsz8S6OFpLxUlsNuhPYqx,164920
Bobby Vee,How Many Tears,807,0.594,0.635,9,-9.404,1,0.0273,0.687,0.000172,0.0496,0.969,96.239,spotify:track:2RyjckhJBJcYp4Q0NQDou0,128173
Matt Monro,My Kind Of Girl,808,0.616,0.185,5,-14.1,1,0.0391,0.56,0.0,0.157,0.413,130.849,spotify:track:4otoz66kYmUhJckTRaQVtu,177600
Slim Harpo,Rainin' In My Heart,811,0.489,0.656,7,-6.747,1,0.027,0.312,0.000329,0.299,0.735,114.393,spotify:track:0t5IteKDnugg7tZKEh8fYS,152933
Frankie Avalon,Who Else But You,812,0.307,0.326,2,-12.672,1,0.0331,0.854,2e-05,0.138,0.353,101.949,spotify:track:0z57v0bDuI9gByZWZ2qpW3,146026
The Marcels,Summertime,813,0.55,0.847,10,-6.379,1,0.0354,0.623,1.51e-05,0.119,0.89,125.892,spotify:track:6HdhIt3JLIPUJDUU9yuXdk,133800
Jimmy Reed,Big Boss Man,814,0.706,0.473,9,-12.673,1,0.0298,0.492,0.00627,0.0832,0.92,78.11,spotify:track:7LhYCokNBDYsVF0A0x95Pc,170319
The Everly Brothers,Temptation,815,0.299,0.569,2,-10.299,1,0.0384,0.412,6.35e-06,0.596,0.533,138.798,spotify:track:0jjPYKq66QDiu9Ydl3Gumq,131733
The Castells,Sacred,816,0.568,0.505,0,-9.208,1,0.0281,0.64,0.00018,0.155,0.466,110.565,spotify:track:32eocfSVD7TE19CJN7hzK3,136000
Duane Eddy,Ring Of Fire,817,0.616,0.566,9,-10.157,1,0.0297,0.602,0.1,0.0652,0.804,123.125,spotify:track:6IuzlcoJm8VckTrjBYt6bn,144147
Jack Scott,A Little Feeling (Called Love),818,0.476,0.164,2,-13.843,1,0.0303,0.576,0.000439,0.103,0.247,70.12,spotify:track:4YDV8fPzCCpghxuy0beu4P,163733
Sam Cooke,Cupid,819,0.474,0.478,7,-8.951,1,0.0343,0.484,0.0,0.0833,0.831,120.326,spotify:track:6VqVieqjDEwS3mByMq4OzB,158613
Wanda Jackson,Right Or Wrong,820,0.425,0.291,7,-10.554,1,0.0315,0.814,0.0,0.143,0.393,114.571,spotify:track:1FAtkmz8kFmbq4VmOf79fb,157160
Floyd Cramer,San Antonio Rose,821,0.575,0.451,2,-14.082,1,0.0282,0.438,0.754,0.172,0.972,173.573,spotify:track:0WnESCgrJ4XBxlsnHMECtl,139587
Del Shannon,Hats Off To Larry,822,0.44,0.719,11,-4.469,1,0.0348,0.664,3.29e-06,0.322,0.635,79.99,spotify:track:0Eok7UwcfOhuNxBNnJzeHY,122200
The Drifters,Please Stay,823,0.718,0.387,10,-10.208,1,0.0294,0.358,0.0,0.216,0.718,113.001,spotify:track:6Y3ZRbwgdJzNFkd8knmtha,137800
The Everly Brothers,Stick With Me Baby,825,0.528,0.575,10,-10.454,1,0.0336,0.479,1.25e-06,0.341,0.887,116.501,spotify:track:0bq0y219Yxio1hDSk1q7lk,116027
Etta James,Fool That I Am,830,0.413,0.0754,1,-17.178,1,0.0359,0.899,3.09e-06,0.39,0.214,102.313,spotify:track:5RC6D893kdyFTbbXq9G3qZ,177200
Bobby Darin,Nature Boy,831,0.517,0.552,4,-4.63,0,0.029,0.412,0.0,0.539,0.595,108.149,spotify:track:0VlhWuh99mX1fpWtOLschV,154346
Johnny Crawford,Daydreams,832,0.727,0.352,6,-13.001,1,0.0289,0.899,0.0011,0.0839,0.695,110.151,spotify:track:1vHK496r8mzXkvDiCeKw4m,126707
Bobby Parker,Watch Your Step,834,0.526,0.663,9,-5.932,1,0.0279,0.102,8.98e-05,0.234,0.669,97.397,spotify:track:1uhm03Mco8BvXcucnLRtGA,167427
Frankie Calen,Joanie,837,0.583,0.528,7,-5.501,1,0.0265,0.71,0.0,0.203,0.629,97.049,spotify:track:3Aq3KkxoTxcTApZASmfMsk,150373
Neil Scott,Bobby,838,0.687,0.496,2,-11.739,1,0.058,0.332,0.00631,0.0533,0.967,130.565,spotify:track:5xtEEfyUei2ojQGQzDg4g8,132400
Brenda Lee,Dum Dum,839,0.691,0.618,6,-6.678,1,0.154,0.831,0.0,0.136,0.682,126.533,spotify:track:2amlWbDFBNfQyoHy7mIMnZ,146173
Chubby Checker,Let's Twist Again,841,0.604,0.709,8,-6.377,1,0.158,0.0987,0.0,0.0551,0.907,167.832,spotify:track:1INWPr855fwWdAOeecbu0W,137360
Hank Ballard And The Midnighters,The Float,843,0.504,0.398,9,-12.923,0,0.0335,0.631,0.0,0.249,0.872,135.601,spotify:track:4utfRUC5RBaa9a1UcKJf6L,176480
The Olympics,Dooley,845,0.65,0.734,2,-6.58,1,0.0309,0.633,0.0,0.122,0.92,104.575,spotify:track:0HxG43JHzmyIuKyEVwj12V,132126
Don Gibson,Sea Of Heartbreak,846,0.59,0.586,7,-9.158,1,0.0344,0.422,4.46e-05,0.337,0.729,91.17,spotify:track:0xERMvJD8djz1ZBjPSRLvM,155040
Ernie Fields,The Charleston,847,0.769,0.656,7,-12.578,0,0.0724,0.18,0.827,0.059,0.964,95.223,spotify:track:0SAlafSCRsl5R4yHrPPYZk,136413
The Chordettes,Never On Sunday,848,0.702,0.52,9,-6.466,1,0.035,0.663,0.0,0.0533,0.865,124.831,spotify:track:5u18XA6S3bSLLz3abwpdA3,160573
The Chanters,"No, No, No",849,0.694,0.606,7,-9.548,0,0.0377,0.362,3.96e-05,0.13,0.966,112.296,spotify:track:1sVI0D7jTh5oXzVTP9aZHE,134920
Connie Francis,Together,851,0.324,0.323,0,-11.248,1,0.0325,0.903,0.00503,0.133,0.235,116.103,spotify:track:3aGmELit8NfF9XOBB8A6ze,173573
Etta James,Dream,853,0.581,0.401,3,-5.901,1,0.0345,0.823,0.0,0.129,0.649,141.802,spotify:track:4C4ZGls8SqHMrYayEqK8BT,141800
Hank Ballard And The Midnighters,The Switch-A-Roo,854,0.707,0.873,2,-3.753,1,0.06,0.632,0.0,0.117,0.818,127.847,spotify:track:2n6gh6uZCeTy2H6rj1UJOz,168253
The Spinners,That's What Girls Are Made For,855,0.399,0.435,9,-12.018,0,0.037,0.592,0.0,0.144,0.666,86.193,spotify:track:4vEvKZGKjflCYTPLhGwrxz,194480
The Fireballs,Quite A Party,856,0.72,0.591,4,-13.27,0,0.0455,0.385,0.265,0.0564,0.807,113.363,spotify:track:6TbQa7OPpHtmH2SIhF8ZWp,107067
Jan & Dean,Heart And Soul,857,0.564,0.371,4,-16.88,1,0.0354,0.245,0.0958,0.0902,0.928,124.741,spotify:track:5OtJxpKGhfZMPi6T2vEhjo,128800
Ernie K-Doe,Te-Ta-Te-Ta-Ta,858,0.59,0.407,5,-12.007,1,0.0401,0.702,0.0,0.141,0.843,133.776,spotify:track:05M5GJlDSyVHS6zxV5AY3k,162107
Joe Dowell,Wooden Heart,859,0.844,0.462,1,-9.855,1,0.0525,0.713,0.0234,0.106,0.947,84.913,spotify:track:2ELAMT68a78OGwhCgj9Kai,118427
Nat King Cole,Take A Fool's Advice,860,0.281,0.338,8,-11.33,1,0.0308,0.793,1.56e-06,0.0997,0.62,196.179,spotify:track:3jHjhvyYmuyNmZilVONE59,143133
Brenda Lee,Eventually,862,0.433,0.257,3,-9.781,1,0.0295,0.946,2.38e-05,0.17,0.371,109.571,spotify:track:6s6000BsIRXL2NRllseOqT,181627
Curtis Lee,Pretty Little Angel Eyes,863,0.644,0.533,4,-11.606,1,0.0566,0.322,0.0,0.0781,0.79,112.16,spotify:track:1EWUFMTwyqAzb1p9KFnt02,153667
The Flamingos,Time Was,865,0.522,0.324,10,-13.359,1,0.0259,0.875,2.59e-05,0.105,0.33,93.493,spotify:track:6DvxDtsae2rrcFQbtPiWP7,159973
Tex Ritter,I Dreamed Of A Hill-Billy Heaven,867,0.524,0.277,3,-14.596,1,0.0789,0.878,0.0,0.26,0.432,121.865,spotify:track:5C285mitLVNBYDMjI50B89,190573
George Jones,Tender Years,868,0.5,0.199,2,-15.773,1,0.0316,0.866,0.000806,0.202,0.364,91.819,spotify:track:3xsMYWnmdjSMLU8tVLVCVV,144773
Frank Sinatra,Granada,869,0.364,0.467,11,-9.612,1,0.0384,0.472,0.0,0.915,0.644,151.18,spotify:track:2C1ItJ7G62AJyBje9WBpfW,219133
The Miracles,Broken Hearted,871,0.324,0.519,7,-8.741,1,0.0336,0.78,0.0,0.341,0.56,47.94,spotify:track:5hkPR8rFMTh1iI976sMTT0,184267
The Diamonds,One Summer Night,872,0.315,0.301,9,-11.537,1,0.0397,0.835,0.0,0.0926,0.495,169.003,spotify:track:2WL4moGPyxOA0W2p0zJZPc,152240
Rick And The Keens,Peanuts,873,0.515,0.455,7,-8.656,1,0.0286,0.732,0.0,0.329,0.795,124.811,spotify:track:1i1RRNiQOQ0qQAV6enlm3Y,126733
Shep And The Limelites,Ready For Your Love,874,0.405,0.29,8,-11.237,1,0.0334,0.859,0.0,0.229,0.538,181.817,spotify:track:6I8nJjLHtnL2VunrxUUyDE,167333
Ral Donner,You Don't Know What You've Got (Until You Lose It),875,0.67,0.315,1,-14.201,0,0.0446,0.749,0.0,0.34,0.616,130.881,spotify:track:7b5CaZGoxF5rth1jBITajb,135732
The Miracles,Mighty Good Lovin',878,0.441,0.826,10,-4.503,0,0.0433,0.729,0.0,0.186,0.921,127.45,spotify:track:0is2GaJpvkJf6EuWi2gVuM,156653
The Shirelles,A Thing Of The Past,879,0.537,0.125,9,-18.991,0,0.0354,0.969,0.0902,0.232,0.591,112.925,spotify:track:7yg0J6AuFKGF78mmy1req3,158173
Frankie Miller,Black Land Farmer,881,0.599,0.471,9,-10.291,1,0.029,0.596,0.0,0.333,0.936,101.147,spotify:track:4b7mN3AzaWHJ7GQTNB1CSs,151380
The Highwaymen,Michael,883,0.525,0.121,0,-19.451,1,0.029,0.859,5.98e-06,0.191,0.631,107.408,spotify:track:25TcXSVruQ3Oox1RyqRCFf,165559
Donnie and The Dreamers,My Memories Of You,884,0.455,0.547,0,-8.158,1,0.0302,0.72,0.0,0.0963,0.785,91.559,spotify:track:6VYTGkoPcOQTZNsySIPpbx,145800
The Halos,Nag,885,0.647,0.938,10,-7.789,1,0.0595,0.346,0.0,0.0772,0.924,143.493,spotify:track:1IlyqTe388mP1XO0vPGCBv,169291
The Shirelles,What A Sweet Thing That Was,887,0.579,0.485,9,-7.446,1,0.0292,0.507,0.0,0.122,0.877,140.104,spotify:track:7D4BVAlWP7bXWywcTXCjVr,148333
Don Shirley Trio,Water Boy,888,0.445,0.102,0,-19.506,1,0.0444,0.932,0.896,0.0934,0.26,116.284,spotify:track:3sU66kuOiMmfM7Bj4mSHyk,294293
Claude King,"Big River, Big Man",889,0.579,0.423,3,-10.761,1,0.0355,0.816,0.0,0.0859,0.815,150.772,spotify:track:4ZI24J7OFz908Ct3MJwumx,147133
The Paragons,If,890,0.724,0.652,0,-8.992,1,0.0283,0.132,0.0,0.32,0.689,111.964,spotify:track:1NBdhPdEYVVcSz5BlZlvYZ,162667
Steve Lawrence,My Claire De Lune,892,0.386,0.24,7,-15.147,1,0.0315,0.684,0.000252,0.127,0.293,106.815,spotify:track:6dtWl3vou38CPcKj64xxdy,167880
Mary Wells,I Don't Want To Take A Chance,893,0.474,0.728,2,-6.333,1,0.0373,0.442,0.0,0.0811,0.684,130.41,spotify:track:3p2xLi4pxWf81NeuBKhR6E,168800
Little Willie John,Now You Know,895,0.644,0.36,1,-12.569,1,0.0416,0.742,3.49e-06,0.108,0.179,110.624,spotify:track:5G7v4cNarbzXL9DC3hcNVx,135326
Gary U.S. Bonds,School Is Out,896,0.464,0.778,10,-11.338,1,0.185,0.868,3.68e-05,0.434,0.812,149.199,spotify:track:01GarP7Iim3fsxASclkEFW,149560
Fats Domino,Let The Four Winds Blow,897,0.638,0.451,10,-11.438,1,0.0501,0.555,0.0165,0.119,0.963,90.193,spotify:track:16wsaPpSfcvo9ysLD8BZ4o,140107
Timi Yuro,Hurt,898,0.493,0.244,5,-11.487,1,0.0277,0.707,0.000462,0.121,0.222,87.044,spotify:track:6mqfq8EdYoV07TXM2rgPgb,148467
Adam Wade,As If I Didn't Know,900,0.614,0.396,4,-11.216,1,0.0358,0.2,5.67e-06,0.423,0.53,110.74,spotify:track:1Kdqwkq2AI5S0txCal6bWn,170933
Ann-Margret,I Just Don't Understand,902,0.318,0.383,9,-11.943,0,0.0337,0.738,0.0013,0.176,0.632,127.699,spotify:track:2WDn3iq8xYWVEp8eCihT44,160813
Al Martino,Here In My Heart,903,0.177,0.279,9,-10.951,0,0.0312,0.8,0.0024,0.153,0.155,82.967,spotify:track:0mRAY4VhmgEsBvLEFxB6Vm,193373
The Everly Brothers,All I Have To Do Is Dream,904,0.534,0.462,4,-8.172,1,0.0266,0.839,0.0,0.129,0.534,96.195,spotify:track:7dblNGnRXEBrVJunazs2U5,143333
Ben E. King,Amor,905,0.548,0.566,10,-11.876,1,0.0307,0.672,1.22e-05,0.112,0.805,100.813,spotify:track:2U95mnxcqpr394uCZncG4R,187400
Ike & Tina Turner,It's Gonna Work Out Fine,906,0.69,0.69,0,-7.465,1,0.103,0.745,6.34e-06,0.116,0.936,108.037,spotify:track:2vGVafns1VhbbhyIKi5VtL,183347
Ray Peterson,Missing You,907,0.532,0.287,9,-10.305,1,0.0325,0.875,0.0,0.122,0.353,90.319,spotify:track:0Z06GCuyB8OoinQQltymO8,164127
The Jarmels,A Little Bit Of Soap,910,0.605,0.548,10,-8.591,0,0.149,0.231,0.0,0.15,0.67,137.487,spotify:track:73tGO4JJKrMYtjCbq1v8Oa,134667
Dick and DeeDee,The Mountain's High,911,0.806,0.425,11,-11.019,1,0.0354,0.525,0.0,0.105,0.825,117.913,spotify:track:2boEGV3Zcsh7AMaL3jqBGP,138133
Ronny Douglas,"Run, Run, Run",913,0.404,0.811,5,-3.994,1,0.049,0.768,0.00846,0.27,0.574,132.59,spotify:track:5SfKpyvDvNohhT1NPBGTQC,144027
Freddy Cannon,Transistor Sister,914,0.502,0.788,0,-5.677,1,0.0857,0.478,0.0,0.158,0.854,157.977,spotify:track:2BLq596hGgX7cr0QNii1jA,145173
The Dreamlovers,When We Get Married,915,0.588,0.287,9,-10.729,1,0.0369,0.887,0.0,0.13,0.39,89.396,spotify:track:6Jh1r6aDr8Z7jU2zairxW6,149027
The Van Dykes,The Bells Are Ringing,917,0.222,0.504,6,-4.855,1,0.033,0.76,0.00013,0.0982,0.511,198.175,spotify:track:0Q6ylLJT5NaIKnLDeyOxp8,163387
Barry Mann,"Who Put The Bomp (In The Bomp, Bomp, Bomp)",918,0.366,0.681,7,-8.468,1,0.0672,0.516,0.0,0.303,0.86,169.346,spotify:track:30txFxKhnMJqUXz0xx0x39,167227
Roy Orbison,Candy Man,920,0.564,0.503,0,-8.806,1,0.0365,0.244,6.51e-05,0.105,0.849,157.797,spotify:track:23c4cwGTt6ifXOoO4FlBRK,165640
Brian Hyland,Let Me Belong To You,921,0.376,0.124,10,-13.048,1,0.0328,0.901,0.0,0.101,0.289,144.576,spotify:track:1yd9fH4cmpm3to1jDpm6B1,186680
Johnny Tillotson,Without You,922,0.548,0.478,2,-8.193,1,0.0256,0.318,0.49,0.102,0.725,97.872,spotify:track:3mJJh1WqtaQiCDwyr4Gq6D,129959
Bobby Vee,Take Good Care Of My Baby,923,0.491,0.431,1,-12.257,1,0.0609,0.698,0.0,0.124,0.661,82.445,spotify:track:1MR7XamWS0XH6vZxeeRdE0,150867
Clarence Henry,Lonely Street,924,0.758,0.456,0,-7.343,1,0.0344,0.547,0.0,0.338,0.795,129.204,spotify:track:2l7dlW5nopmzV6M4yEcJ9v,128667
Gene Pitney,Every Breath I Take,927,0.487,0.783,7,-6.54,1,0.042,0.237,0.000699,0.437,0.655,93.362,spotify:track:6u0MfwA7p9rmTR5zYioATQ,165960
Billy Bland,My Heart's On Fire,929,0.67,0.532,0,-9.339,1,0.0323,0.259,0.0,0.433,0.901,130.45,spotify:track:0jjQWudovK9z9BzhoFlt0f,136773
Roy Orbison,Crying,930,0.35,0.293,2,-9.502,1,0.0258,0.758,8.21e-06,0.104,0.162,96.685,spotify:track:6eLL7QTdMWdhhG4i3jHDR9,166467
The Blue Jays,Lover's Island,931,0.435,0.284,7,-7.686,1,0.0261,0.84,0.0,0.169,0.467,103.134,spotify:track:1B0qQzYE5tvDiJadNEJCe8,141619
The Rondels,Back Beat No. 1,932,0.551,0.922,0,-6.014,1,0.0361,0.579,0.708,0.274,0.461,116.243,spotify:track:6A3rvsveNrl3HPacFZJgEZ,132893
Tony Orlando,Bless You,933,0.488,0.473,0,-12.155,1,0.0473,0.366,0.0,0.117,0.626,124.398,spotify:track:3SsVBEj4XR3mGqli8oKgih,132200
Steve Lawrence,In Time,936,0.404,0.282,9,-11.159,0,0.0292,0.855,0.0,0.405,0.366,88.761,spotify:track:3woGPx9i3RByafS2lWKGVP,158800
The Four Preps,More Money For You And Me,939,0.547,0.229,2,-17.305,1,0.262,0.805,0.0,0.968,0.461,112.262,spotify:track:6taOhSWQVW7wd0lj9MX1u9,388027
Elvis Presley,Little Sister,941,0.602,0.619,9,-11.751,1,0.0768,0.434,0.0,0.364,0.902,139.6,spotify:track:5jRnmQJAwBbtikNcvYbp3B,151387
Hank Ballard And The Midnighters,Nothing But Good,942,0.546,0.716,2,-3.367,1,0.03,0.734,0.0,0.124,0.831,101.726,spotify:track:374ulCqIly2iGWAaSd7xKL,163173
Brook Benton,Frankie And Johnny,943,0.604,0.517,8,-18.515,1,0.0604,0.797,0.0,0.696,0.685,137.11,spotify:track:0wfMWsPcabTqXbfacWVCej,152133
Mickey & Sylvia,Baby You're So Fine,945,0.715,0.739,9,-9.675,1,0.0475,0.8,0.000817,0.301,0.96,119.624,spotify:track:419PaL8alIb8WVe2a8f2zQ,129000
James Brown And The Famous Flames,"Baby, You're Right",948,0.364,0.292,2,-11.064,1,0.0301,0.36,4.19e-06,0.268,0.606,81.099,spotify:track:5WSG0pIDnY9ba67KgH8RHy,188333
Chuck Jackson,I Wake Up Crying,949,0.502,0.273,7,-11.806,1,0.0264,0.418,0.0,0.163,0.483,75.096,spotify:track:1y7tq1Yw6VBjD6bXkxKJH0,137333
Hank Ballard And The Midnighters,Keep On Dancing,950,0.509,0.708,4,-2.639,1,0.0378,0.477,0.0,0.206,0.898,77.509,spotify:track:4jq9pn4eAqXD0YZTT6MQbz,155880
Andy Stewart,Donald Where's Your Troosers?,952,0.7,0.337,10,-13.801,1,0.379,0.95,9.38e-05,0.122,0.822,107.584,spotify:track:68LIwSJYSkEj7oHcXCcHwo,198267
Elvis Presley,(Marie's The Name) His Latest Flame,954,0.661,0.917,4,-6.329,0,0.0375,0.568,0.00202,0.134,0.893,105.289,spotify:track:4qbLOU1T7xgTH87eUSkvJ1,127093
Bobby Lewis,One Track Mind,955,0.606,0.564,10,-7.237,1,0.0303,0.589,0.0,0.27,0.971,145.083,spotify:track:6VFtCu4u6NeANjWZO131Sl,125022
Neil Sedaka,Sweet Little You,956,0.594,0.752,10,-7.998,0,0.0381,0.574,0.0,0.0823,0.898,124.65,spotify:track:0WLjPfgtkpLgiQ073fLybN,125160
The Chantels,Look In My Eyes,957,0.281,0.455,6,-10.976,1,0.0371,0.814,0.0,0.316,0.658,109.96,spotify:track:2meLjIcyQBz5Zt2sctwZUd,137013
Janie Grant,Romeo,959,0.586,0.694,9,-7.231,1,0.0365,0.68,0.0,0.582,0.949,139.496,spotify:track:59VGlZTbkRf0mnRr5Dmr9F,115147
Jack Scott,My Dream Come True,960,0.544,0.138,4,-16.865,1,0.0277,0.892,0.00109,0.106,0.23,82.186,spotify:track:0ValZZqcUDBHJqPZKiGr8D,175440
Bobby Darin,You Must Have Been A Beautiful Baby,965,0.707,0.549,7,-15.712,1,0.0356,0.763,5.88e-05,0.121,0.974,134.563,spotify:track:1ATiocRsFUbrnEFhb5Y4y9,129707
Nino & The Ebb Tides,Juke Box Saturday Night,967,0.422,0.714,9,-7.549,1,0.0749,0.703,0.0,0.153,0.814,92.84,spotify:track:2f4K2yeD2Vya8JJDngYP7H,154517
Sue Thompson,Sad Movies (Make Me Cry),968,0.61,0.272,2,-10.071,1,0.0286,0.888,7.11e-06,0.245,0.608,107.116,spotify:track:5PYEBQrRHWoMuRr5Ers9vR,199347
The Cleftones,For Sentimental Reasons,969,0.62,0.351,8,-10.829,1,0.0309,0.559,0.0,0.164,0.886,118.229,spotify:track:1xVTrDT8ryK6YnbJOB6MbY,156000
The Bobbettes,I Don't Like It Like That,970,0.61,0.562,2,-15.134,1,0.0432,0.49,0.423,0.644,0.96,142.745,spotify:track:38IV3vqR13KTezs2rJWttU,136213
Hayley Mills and Hayley Mills,Let's Get Together,971,0.555,0.537,1,-8.943,1,0.577,0.981,2.56e-06,0.86,0.947,81.53,spotify:track:5iEhTuTOcuQ50caDT8YItz,125491
The Lettermen,The Way You Look Tonight,972,0.185,0.334,4,-10.572,1,0.0304,0.907,0.0,0.0939,0.15,103.153,spotify:track:3XLSi3aWD9qDCuHvSi5qfY,141507
The Marvelettes,Please Mr. Postman,973,0.785,0.776,2,-5.259,1,0.0312,0.729,0.0,0.181,0.967,121.505,spotify:track:6jX5mso4x00c1EiNMrTU9U,148040
The Paris Sisters,I Love How You Love Me,974,0.214,0.451,10,-8.89,1,0.032,0.939,0.00114,0.222,0.462,169.856,spotify:track:3arpPGMRj2lEGYZPEjSWQv,123834
Tommy Hunt,Human,975,0.378,0.342,0,-14.603,1,0.0421,0.464,0.0213,0.104,0.511,175.678,spotify:track:0WkVJWlJLm9kohkJVKsS8o,161176
The Flares,Foot Stomping - Part 1,976,0.789,0.585,7,-10.241,1,0.0961,0.809,6.69e-06,0.143,0.972,126.074,spotify:track:4MCpmOHRa5tlUo5EQaCjjJ,136800
Ray Charles and his Orchestra,Hit The Road Jack,977,0.547,0.572,8,-12.622,0,0.153,0.7,0.0,0.512,0.962,172.433,spotify:track:2HoqbEOXgbDSLZ5XCePEXt,119880
The Dovells,Bristol Stomp,978,0.655,0.77,2,-6.338,1,0.0649,0.626,0.0,0.541,0.9,105.394,spotify:track:0B1cm1Z7J9v8Wug9idr8T6,138893
Duals,Stick Shift,979,0.641,0.807,2,-12.402,1,0.0687,0.861,0.868,0.335,0.787,92.843,spotify:track:3VYQy0o7oi0ea9XsJOYjeq,149707
Paul Anka,Cinderella,980,0.547,0.542,8,-9.107,1,0.0275,0.451,0.0,0.161,0.893,98.055,spotify:track:40hXwATZJS2voIn45UNRkQ,123627
The Drifters,Sweets For My Sweet,981,0.773,0.796,0,-8.356,1,0.0371,0.699,0.0,0.169,0.963,121.061,spotify:track:3IBrdIpvRYnJQlhGY2x1JH,145653
Lee Dorsey,Ya Ya,983,0.758,0.557,5,-10.106,1,0.0453,0.607,0.000218,0.193,0.887,140.795,spotify:track:2pMwweGkjNLXZkSDZ63LYf,146053
Marty Robbins,It's Your World,984,0.624,0.323,5,-11.342,1,0.0263,0.75,0.0,0.134,0.733,108.125,spotify:track:4YOujaYI7YhWtjHQg7ekDx,164267
Gloria Lynne,Impossible,985,0.267,0.311,9,-9.5,1,0.035,0.927,0.0119,0.265,0.249,171.378,spotify:track:5UnhmKLLHJRHNmw4iqotVP,168340
Bull Moose Jackson,I Love You Yes I Do,987,0.299,0.282,6,-16.252,1,0.033,0.947,0.114,0.246,0.243,66.714,spotify:track:4RdB68qqZ4QKxsnVWMi6tQ,185280
Troy Shondell,This Time,988,0.453,0.299,2,-14.331,1,0.0299,0.712,0.0,0.287,0.341,81.169,spotify:track:4dfn4XrQIUAgUU96Ag1Ref,157960
Nat King Cole,Let True Love Begin,990,0.586,0.428,1,-14.449,1,0.0382,0.58,6.5e-06,0.127,0.622,122.572,spotify:track:1jTrURLfV3NZJoSk9kBdTw,156507
Del Shannon,So Long Baby,993,0.549,0.918,10,-3.82,0,0.0731,0.0604,4.09e-06,0.328,0.926,119.446,spotify:track:4pNazrpRFun1NpN3XJEMSS,119667
Little Willie John,Take My Love (I Want To Give It All To You),994,0.463,0.462,1,-12.645,1,0.042,0.703,0.0,0.184,0.785,131.067,spotify:track:1l8mcR3lAbBqzsUhJPMch4,164573
The Capris,Girl In My Dreams,995,0.266,0.284,9,-12.78,1,0.0304,0.685,0.0,0.0994,0.669,200.975,spotify:track:25pEPwORWMZslc5RabedUb,152544
Danny & The Juniors,Back To The Hop,996,0.569,0.627,10,-9.495,1,0.056,0.751,0.0,0.0601,0.912,168.056,spotify:track:1ZF747WWzQNJqqgXuhN8aS,127707
Jimmy Reed,Bright Lights Big City,1000,0.741,0.437,2,-9.17,1,0.0428,0.849,1.79e-05,0.229,0.689,91.969,spotify:track:4TE1mJzeu3os3j4YcCfkMI,169253
Dion,Runaround Sue,1001,0.364,0.607,2,-9.791,1,0.125,0.451,0.0,0.251,0.598,79.987,spotify:track:1DndHckdH9m5rp6gYP086b,171600
Chubby Checker,The Fly,1002,0.456,0.968,5,-4.916,1,0.0448,0.00494,0.00705,0.204,0.962,159.746,spotify:track:63u1aZPkSplzbIdyHGpvrG,170653
Connie Francis,Hollywood,1003,0.642,0.792,5,-5.807,1,0.0284,0.601,0.0,0.272,0.951,132.592,spotify:track:61Y7DcAlDPa6BG8Fy1x8pO,134173
Bill Black's Combo,Movin',1004,0.702,0.743,9,-7.479,0,0.0406,0.684,0.353,0.081,0.796,108.025,spotify:track:5QSQFf6dWrtGx6bukUd66y,124440
Connie Francis,(He's My) Dreamboat,1005,0.373,0.364,0,-6.563,1,0.0305,0.78,2.24e-06,0.342,0.451,70.31,spotify:track:3OvzW4ex4PCAkr25M85WCP,162107
Sam Cooke,Feel It,1006,0.419,0.8,11,-5.79,1,0.0496,0.53,0.0,0.826,0.57,105.407,spotify:track:2j5AMkbTet4BvTWhKrPOta,174733
Ral Donner,Please Don't Go,1007,0.53,0.329,4,-14.289,1,0.0358,0.941,0.000124,0.367,0.643,101.357,spotify:track:6f483gsIVo8erb6cJQuiNA,135184
The Stereos,I Really Love You,1008,0.8,0.503,8,-10.864,1,0.0646,0.665,1.82e-05,0.0564,0.964,133.269,spotify:track:6RATNusyYnf5rTQHsxdoVT,138187
The Chordettes,Faraway Star,1011,0.389,0.3,1,-8.327,1,0.0265,0.662,0.0,0.288,0.51,81.968,spotify:track:0dR8YiccZ9wnpHgMLAXWW2,140293
Frankie Avalon,"True, True Love",1013,0.501,0.666,0,-9.131,1,0.116,0.763,0.0,0.558,0.72,82.686,spotify:track:49JyvsH6SdsldNMAG0KKYu,140947
Sam Cooke,It's All Right,1014,0.413,0.501,7,-7.431,1,0.0466,0.755,0.0,0.502,0.611,93.466,spotify:track:6XjWdiVy8WZAkwRZfS6jEF,164600
Fred Darian,Johnny Willow,1015,0.703,0.697,10,-8.742,1,0.0628,0.774,0.0,0.133,0.793,118.636,spotify:track:4P5sAyZWsse8eqdfF6f6fv,161400
Bill Black's Combo,Honky Train,1016,0.772,0.397,0,-8.26,1,0.0471,0.719,0.000853,0.106,0.927,112.874,spotify:track:08VsAksvO7as6FqOmeX7z4,136787
Jimmy Dean,Big Bad John,1017,0.516,0.457,8,-12.609,1,0.184,0.596,0.0,0.106,0.455,173.934,spotify:track:61uAY9xdzYiIbYJ07XvKso,182560
Fats Domino,What A Party,1018,0.436,0.861,5,-5.005,1,0.0308,0.0139,1.06e-06,0.221,0.949,95.562,spotify:track:3yAPzmNdRNXItydTT3iyvj,111493
Brenda Lee,Fool #1,1019,0.442,0.237,0,-9.328,1,0.0321,0.491,0.0,0.305,0.538,132.095,spotify:track:4T6euKxeRyXb8GtMnHh2nM,147533
Rick Nelson,Everlovin',1020,0.64,0.499,0,-11.274,1,0.027,0.598,4.27e-06,0.262,0.927,139.251,spotify:track:59ifvc2IeQwG2zr3qQtPS5,129160
Rick Nelson,A Wonder Like You,1021,0.653,0.319,1,-13.22,1,0.0315,0.088,0.0,0.0967,0.937,106.731,spotify:track:2DwQtUea5JUp81XpxFvt2l,157040
The Shirelles,Big John,1022,0.387,0.555,8,-9.796,1,0.0355,0.483,0.0,0.207,0.764,152.436,spotify:track:7D3gxKkomdFwzOsyECxvvx,141507
Brook Benton,It's Just A House Without You,1023,0.546,0.26,7,-16.947,1,0.0499,0.896,0.0171,0.353,0.769,110.315,spotify:track:0L8nLcu8DFkeGRndyV6xtP,147530
Brenda Lee,Anybody But Me,1024,0.732,0.24,10,-14.434,1,0.0593,0.52,5.04e-06,0.237,0.788,127.697,spotify:track:56rEp6uhPXIlneMX3Eqp4b,144613
Gene McDaniels,Tower Of Strength,1025,0.588,0.469,2,-8.372,1,0.057,0.243,0.0,0.0959,0.86,128.54,spotify:track:5kxBWHsXHQKiu8LjoNf2n2,153440
The Everly Brothers,Muskrat,1026,0.558,0.868,2,-10.939,1,0.0648,0.0165,1.47e-05,0.0718,0.792,117.528,spotify:track:7JYfuAtvkGkTunMMyDkrRa,138680
Floyd Cramer,Hang On,1029,0.548,0.88,2,-9.971,1,0.0388,0.232,0.521,0.0943,0.955,97.098,spotify:track:0PMcyvyOOzbmSwUwjHs5Vd,106480
Shep And The Limelites,Three Steps From The Altar,1031,0.422,0.196,5,-12.089,1,0.0359,0.872,1.16e-06,0.118,0.393,186.882,spotify:track:5WkOR0PQIE6ODgShdxbBwL,162000
Jerry Butler,Moon River,1032,0.21,0.481,2,-9.751,1,0.0326,0.393,0.000341,0.265,0.383,107.838,spotify:track:3PSyChiN8udWx9rLGDk2Ym,160507
Mar-Keys,Morning After,1033,0.59,0.586,0,-7.639,1,0.0299,0.409,0.761,0.163,0.939,132.514,spotify:track:62LUftiabO67epbYZUhcu5,134227
The Marcels,Heartaches,1034,0.529,0.547,9,-10.475,1,0.0522,0.705,0.0,0.154,0.847,141.42,spotify:track:3BfRMHhQlhDJYaiULVPgvS,152200
Ben E. King,Here Comes The Night,1035,0.622,0.387,7,-11.043,1,0.0276,0.23,0.0,0.144,0.564,101.708,spotify:track:7rEq647bycgagy5iJfXHqO,149516
Aretha Franklin,Rock-A-Bye Your Baby With A Dixie Melody,1036,0.635,0.582,7,-10.071,1,0.0494,0.748,0.0,0.489,0.747,111.656,spotify:track:7vNq9awmDqVRUhA0HW1OaL,142693
Henry Mancini And His Orchestra,Moon River,1038,0.39,0.0235,5,-19.695,1,0.0345,0.937,0.00128,0.099,0.155,133.403,spotify:track:5iGleL7HpEThuuYQ3us2jh,125585
Timi Yuro,I Apologize,1039,0.277,0.31,7,-10.643,1,0.0286,0.474,5.6e-05,0.107,0.328,170.483,spotify:track:6oYXOWb4Cf3frnvOREtISE,175400
The Castells,Make Believe Wedding,1042,0.406,0.359,10,-12.009,1,0.0284,0.61,0.0,0.261,0.455,66.765,spotify:track:3152NHAqd6T3E8BmISjGac,139133
Ben E. King,Young Boy Blues,1043,0.34,0.448,0,-11.452,1,0.0363,0.594,2.36e-06,0.293,0.657,169.522,spotify:track:0qqGmtLGZidu6B5WrH6dh3,142249
Bobby Rydell,I Wanna Thank You,1044,0.522,0.801,0,-6.665,1,0.115,0.265,0.0,0.346,0.961,163.808,spotify:track:79H73UE3CpqhIwxAJaTtiE,145640
Dinah Washington,September In The Rain,1045,0.401,0.213,1,-13.124,1,0.0545,0.346,1.05e-05,0.0596,0.678,110.611,spotify:track:2csA2nDUNR5TfQEn1I7nt4,129333
Frank Sinatra,I'll Be Seeing You,1046,0.697,0.574,0,-11.575,1,0.155,0.863,0.0,0.972,0.788,121.472,spotify:track:7Gvf7lC6lV1x5Ul3eVePdH,140880
Johnny Burnette,"God, Country And My Baby",1047,0.428,0.431,11,-9.626,1,0.0337,0.664,0.0,0.209,0.552,120.457,spotify:track:3cAThLgpx8ZjQ6jTguWYkf,133960
Fats Domino,Rockin' Bicycle,1048,0.655,0.618,0,-9.017,1,0.0332,0.663,0.0,0.0816,0.877,153.313,spotify:track:74vEXsXVLRDPw7e1R7zkjC,130733
Curtis Lee,Under The Moon Of Love,1050,0.464,0.886,7,-4.914,1,0.121,0.36,0.0395,0.416,0.64,74.132,spotify:track:3RDRUhfiesfrRqb8pLno8m,172440
Joe Dowell,The Bridge Of Love,1051,0.75,0.457,3,-10.785,1,0.0318,0.456,4.6e-06,0.324,0.964,84.4,spotify:track:5mPYngp8SBhJlwkBA718BJ,115827
James Darren,Goodbye Cruel World,1052,0.522,0.757,11,-8.867,1,0.0448,0.713,0.0,0.592,0.902,114.789,spotify:track:2zaXKQ2IErjfIGGES2ai6C,146720
The Angels,'Til,1053,0.26,0.306,0,-8.917,1,0.0302,0.775,0.000311,0.063,0.313,173.761,spotify:track:2CjVRHeMnqekSKNhBoVxZu,146541
Matt Monro,Why Not Now,1054,0.348,0.126,10,-14.835,1,0.0317,0.719,0.0,0.134,0.469,93.97,spotify:track:24geY1fOQlesj5U3HqnhDV,147000
Wanda Jackson,In The Middle Of A Heartache,1055,0.465,0.224,9,-10.412,1,0.0318,0.882,0.0,0.0801,0.392,110.549,spotify:track:0DdV25VgZvOjOflFP4Chlk,155293
Freddy Cannon,For Me And My Gal,1056,0.631,0.715,5,-7.942,0,0.111,0.635,0.000345,0.0812,0.892,149.255,spotify:track:3krFw9MagIbMgdEWXTELYl,150933
The Impressions,Gypsy Woman,1057,0.568,0.513,8,-9.746,0,0.0543,0.386,0.0,0.146,0.676,120.404,spotify:track:5cTU26EVZ16QuceWBNwjZK,140093
Faron Young,Backtrack,1058,0.597,0.558,4,-9.922,1,0.0555,0.656,0.0,0.356,0.779,107.173,spotify:track:4qakUkXLcVaGGCrOO0pFBK,125707
Gary U.S. Bonds,School Is In,1059,0.493,0.796,7,-7.391,1,0.0845,0.443,0.0,0.495,0.716,162.193,spotify:track:68ktEHI9cCz4Lz6RMmnqYV,128507
Patsy Cline,Crazy,1060,0.471,0.021,10,-24.385,1,0.0366,0.931,1.19e-06,0.103,0.356,107.796,spotify:track:3zpj9dvJABiyMrmLCPw6i8,164573
Jackie Wilson,The Way I Am,1062,0.649,0.541,10,-6.427,0,0.383,0.775,1.96e-06,0.304,0.663,162.55,spotify:track:5RN6RUj3m6mhlU70Bblqkf,148467
Steve Lawrence,Somewhere Along The Way,1063,0.265,0.241,7,-14.257,1,0.0287,0.87,0.000389,0.108,0.231,94.416,spotify:track:2BgLQqzv1wnhyMjZa8FIFN,168067
The Miracles,Everybody's Gotta Pay Some Dues,1064,0.567,0.585,9,-5.665,0,0.0326,0.411,0.0,0.129,0.72,131.72,spotify:track:2NKnwFa0x0JkW2pz4fN1vI,177040
Patsy Cline,Who Can I Count On,1067,0.646,0.326,9,-13.831,1,0.0368,0.599,0.0,0.141,0.926,174.462,spotify:track:6R5Hl2c1fcHLqvWtdZr3wm,134907
Andy Williams,Danny Boy,1068,0.228,0.232,2,-14.003,1,0.0329,0.903,0.00236,0.113,0.103,137.577,spotify:track:1Y8WUbypd9NkPbXeBzTuIx,175200
Gene Pitney,Town Without Pity,1071,0.494,0.535,7,-6.423,1,0.0293,0.599,5.08e-05,0.0623,0.689,120.617,spotify:track:67UXizE2cmFVVDPU4Gl17A,174000
Glen Campbell,"Turn Around, Look At Me",1072,0.312,0.335,0,-11.944,1,0.0298,0.849,1.34e-05,0.269,0.17,90.864,spotify:track:1o9VePckQ360ICcIl2Kil4,156000
Leroy Van Dyke,Walk On By,1073,0.58,0.452,10,-11.158,1,0.0364,0.795,1.13e-05,0.186,0.949,132.607,spotify:track:1Y6THdMlU9Cr4lgnUAR09L,144200
Clarence Henry,On Bended Knees,1074,0.642,0.405,8,-6.835,1,0.041,0.794,0.0,0.092,0.815,89.857,spotify:track:5Shcei9ByRcV2tABcpflJK,111067
Kenny Dino,Your Ma Said You Cried In Your Sleep Last Night,1076,0.566,0.449,3,-9.241,1,0.0323,0.573,0.000253,0.0753,0.595,133.57,spotify:track:6pF5ZvmFOrb1Afn3Z5pdUn,137773
Timi Yuro,Smile,1077,0.249,0.238,2,-7.982,1,0.0324,0.945,9.79e-05,0.107,0.106,177.183,spotify:track:7meARjzII6d3jq8wW2zwfi,166307
Eddie Fisher,Tonight,1078,0.256,0.346,3,-6.759,1,0.0346,0.846,7.71e-06,0.392,0.369,115.285,spotify:track:4N0r5srgTtFpFOAkqc0VmU,165107
John D. Loudermilk,Language Of Love,1080,0.603,0.689,2,-12.078,1,0.0381,0.778,2.42e-05,0.135,0.955,153.098,spotify:track:02DoAJpOC8XrHFrYobz48F,107333
Etta James,It's Too Soon To Know,1081,0.276,0.231,7,-14.181,1,0.0306,0.855,2.8e-05,0.37,0.405,88.522,spotify:track:6vDRTM9h3dqqzINp2Znbsh,167000
The Highwaymen,The Gypsy Rover,1082,0.438,0.273,8,-13.081,1,0.0307,0.847,2.65e-06,0.116,0.674,101.222,spotify:track:1xeczto3jkBpWj8bPEbDvl,178733
Jack Scott,Steps 1 And 2,1083,0.561,0.356,4,-14.968,1,0.0322,0.787,0.0,0.128,0.776,136.802,spotify:track:6onPwTEL5oCwtU9c4FNk3E,166293
The McGuire Sisters,Just Because,1084,0.515,0.183,10,-7.857,1,0.0272,0.895,0.0,0.121,0.291,73.003,spotify:track:7HYfzp6GC2miSBlyhCj0aI,176492
Jim Reeves,Losing Your Love,1085,0.493,0.146,9,-17.39,1,0.0298,0.953,0.0727,0.107,0.237,86.882,spotify:track:1LAK4k1Bk0bKsZgamDGM5U,136400
Bobby Vee,Run To Him,1086,0.323,0.459,7,-11.686,1,0.0312,0.592,0.0,0.0931,0.58,99.309,spotify:track:1QhVLyrR1If5e5i7TA8xwh,130133
Neil Sedaka,"Happy Birthday, Sweet Sixteen",1087,0.498,0.796,8,-4.882,1,0.0453,0.607,0.0,0.3,0.906,79.648,spotify:track:5ttys6S3vGWCgOpiuB5axN,157027
The Tokens,The Lion Sleeps Tonight,1088,0.321,0.474,5,-9.383,1,0.0348,0.743,0.0,0.204,0.804,121.199,spotify:track:2F4FNcz68howQWD4zaGJSi,162093
Pat Boone,Johnny Will,1089,0.492,0.566,9,-7.131,1,0.0737,0.857,0.0,0.0936,0.954,186.603,spotify:track:6F7dr44klyiVBzf2SM599j,145947
Claude King,The Comancheros,1090,0.623,0.443,3,-12.175,1,0.0444,0.861,0.0,0.192,0.961,77.615,spotify:track:0XUeKkxjDREbEemxDpy602,133893
Linda Scott,It's All Because,1091,0.597,0.489,0,-10.957,1,0.035,0.571,0.0,0.169,0.582,115.906,spotify:track:5mj4f31SXtotwciKLcpUPd,153960
The Showmen,It Will Stand,1092,0.67,0.507,7,-8.274,0,0.0387,0.717,0.0,0.182,0.847,145.581,spotify:track:3ln9brkScMKIE9MsPirzLb,142133
Johnny Cash,Tennessee Flat-Top Box,1093,0.659,0.724,5,-8.175,0,0.0322,0.261,0.00176,0.363,0.862,97.544,spotify:track:7robBaDSeyFRaxT0QhBifa,179147
The Chantels,"Well, I Told You",1094,0.546,0.669,1,-10.922,0,0.0449,0.724,0.000189,0.497,0.725,92.659,spotify:track:53AqEQSKNcY9FGUFHncmxs,145133
Ann-Margret,It Do Me So Good,1095,0.542,0.495,9,-9.705,1,0.0306,0.751,2.79e-06,0.165,0.627,82.027,spotify:track:30PanNHxt198hIfYtvU9OF,137053
Barbara George,I Know (You Don't Love Me No More),1096,0.848,0.409,5,-10.757,1,0.0512,0.259,0.0115,0.0665,0.826,123.772,spotify:track:4IZBzpxPNFmKP7I6D3qVH6,144933
Jimmy Elledge,Funny How Time Slips Away,1097,0.267,0.261,7,-13.427,1,0.0301,0.733,0.0,0.196,0.41,76.253,spotify:track:18yKdEbVy2LoIlvSbgqZ2m,168907
Connie Francis,When The Boy In Your Arms (Is The Boy In Your Heart),1099,0.284,0.188,6,-10.039,1,0.0319,0.97,1.66e-05,0.111,0.159,77.79,spotify:track:5edxDQC7eBbaz0hqkV8Y88,164013
Brook Benton,Revenge,1100,0.686,0.254,11,-14.552,1,0.0607,0.905,1.44e-05,0.357,0.754,126.213,spotify:track:4BnAInfEjo8EJySDkXoNan,135467
The Lettermen,When I Fall In Love,1101,0.283,0.274,7,-12.292,1,0.0295,0.949,0.00159,0.0915,0.213,102.786,spotify:track:1gMMY095TNREZ8ZZYsfM5L,148360
James Ray,If You Gotta Make A Fool Of Somebody,1102,0.487,0.361,7,-11.82,1,0.0322,0.801,0.0,0.12,0.6,140.613,spotify:track:4IM9fsiXjM877LYrIgPfYD,120947
The Crystals,There's No Other (Like My Baby),1104,0.396,0.365,2,-7.985,1,0.0271,0.443,0.0,0.487,0.442,91.099,spotify:track:6tGldcIJJwByOYCjJglMAs,149722
Valadiers,Greetings (This is Uncle Sam),1105,0.53,0.569,2,-5.971,0,0.0267,0.925,1.35e-06,0.641,0.616,86.17,spotify:track:4IlsLphpkrX1fxA1vuuSjy,165240
Bobby Lewis,What A Walk,1106,0.385,0.643,8,-15.057,1,0.566,0.0295,0.0,0.321,0.865,147.421,spotify:track:3JIdgJIE0QPz890y3uz1WV,127693
Del Shannon,Hey! Little Girl,1108,0.469,0.901,8,-7.546,1,0.109,0.351,0.000113,0.0763,0.86,158.219,spotify:track:4A8uAIuT2eJkK3GzCAsYED,152400
Jack Eubanks,Searching,1110,0.662,0.512,9,-7.881,1,0.0704,0.416,0.836,0.118,0.943,149.679,spotify:track:4DL21qfPuB0c5ZNr0ZkDrm,155600
Tony Orlando,Happy Times (Are Here To Stay),1111,0.463,0.534,0,-7.971,1,0.0362,0.443,0.0,0.0544,0.828,120.622,spotify:track:0EqzIiEAW95n7HqRu5KhQE,150387
Ike & Tina Turner,Poor Fool,1112,0.849,0.482,3,-10.089,1,0.06,0.721,0.0781,0.59,0.961,118.878,spotify:track:0ngxsPeqqodvjyTZy9NRI8,153040
Bobby Vee,Walkin' With My Angel,1113,0.707,0.537,5,-12.029,1,0.0583,0.587,0.0,0.0267,0.966,121.539,spotify:track:4SRMCUgrwNFN7vUHvyMS7l,139267
Vic Dana,Little Altar Boy,1114,0.239,0.139,6,-13.083,1,0.0347,0.901,0.0,0.157,0.28,91.885,spotify:track:0xDBb1glVyuw0fn0VLsKrM,197853
The Highwaymen,Cotton Fields,1115,0.732,0.292,9,-12.402,1,0.0399,0.845,0.0,0.0885,0.6,135.188,spotify:track:4u00xAxjE159vAnxfMNgP4,134439
Dion,The Majestic,1116,0.626,0.516,5,-10.46,1,0.111,0.303,0.0,0.143,0.834,134.612,spotify:track:5Z3W07qqoJxwDqssONsdeW,162907
Don Gibson,Lonesome Number One,1117,0.522,0.545,0,-10.609,1,0.0293,0.591,0.00908,0.321,0.838,87.744,spotify:track:6YosVXlnWfD9zqLyiQFA7U,142440
Fats Domino,I Hear You Knocking,1118,0.469,0.383,0,-11.105,1,0.0405,0.642,0.0,0.251,0.664,98.013,spotify:track:2k4k2Qytu2ZnYoqDOagNBV,112600
Dion,The Wanderer,1119,0.59,0.546,7,-10.213,1,0.0436,0.301,0.0,0.0936,0.855,114.04,spotify:track:3v8d3ku3kiTZVPxEt7a2dE,168640
Bobby Bland,Turn On Your Love Light,1120,0.626,0.741,5,-9.117,1,0.0342,0.0659,3.71e-05,0.593,0.817,106.15,spotify:track:0BhtcoMmv2ifcPQJv0edSy,158307
Phil McLean,Small Sad Sam,1121,0.582,0.657,10,-7.11,0,0.163,0.619,0.0,0.345,0.695,79.208,spotify:track:4HT3clnfZI9RgY1Bmvu1Oa,144160
Sue Thompson,Norman,1122,0.713,0.523,9,-9.446,1,0.0323,0.817,1.18e-06,0.104,0.965,127.254,spotify:track:2Af6yE62PwymxZV0962qul,141027
Timi Yuro,She Really Loves You,1124,0.378,0.355,4,-10.01,1,0.0363,0.898,0.000575,0.323,0.211,79.626,spotify:track:1Kd5vbYmkaDSed6gJrDHGk,165427
Johnny Tillotson,Dreamy Eyes,1125,0.442,0.446,4,-9.906,1,0.0289,0.845,0.0,0.119,0.55,83.06,spotify:track:7CiLTJANslRNGigDDDCB01,144093
Helen Shapiro,Walkin' Back To Happiness,1126,0.663,0.542,8,-8.842,1,0.0825,0.775,0.0,0.222,0.799,97.581,spotify:track:3mNfU0psAm7h3s6Dn6i7SD,151293
Fats Domino,Jambalaya (On The Bayou),1127,0.605,0.913,6,-3.899,0,0.0444,0.439,7.41e-05,0.273,0.966,76.048,spotify:track:0Zkuewgtp8XbeJ5xInG4p8,142117
Gary U.S. Bonds,Dear Lady Twist,1128,0.524,0.892,9,-7.214,0,0.235,0.62,0.0,0.818,0.936,138.964,spotify:track:248Jb9TGzk3Rk0OaNtUGol,152533
Connie Francis,Baby's First Christmas,1129,0.399,0.189,6,-12.797,1,0.0277,0.781,0.0,0.287,0.429,97.019,spotify:track:4YGB5SzMVQJAB7gjsxbtQR,145667
Chubby Checker,Twistin' U.S.A.,1130,0.556,0.654,4,-6.986,1,0.0391,0.577,0.0,0.304,0.96,159.336,spotify:track:5Kn1PO4WCJlfdLU5j2OaZX,151107
Roger Williams,Maria,1131,0.335,0.284,0,-10.505,1,0.0308,0.89,0.478,0.191,0.241,138.619,spotify:track:67Ysq6ID8LYJWSATep6DdT,167440
Jimmy McCracklin,Just Got To Know,1132,0.388,0.454,5,-13.099,1,0.042,0.109,0.0224,0.235,0.64,113.558,spotify:track:5gykfJ6hyC9WonxY0aF8hI,169960
Gladys Knight And The Pips,Letter Full Of Tears,1135,0.555,0.519,4,-10.523,1,0.0337,0.191,0.0,0.407,0.719,156.21,spotify:track:6UUjdKSv3v7Aav4P75qUKR,231360
The Shirelles,Baby It's You,1137,0.672,0.358,7,-13.223,0,0.0286,0.289,0.00158,0.334,0.608,113.687,spotify:track:52wBOrIX3kkNe1KEALXOGy,154840
Burl Ives,A Little Bitty Tear,1138,0.58,0.209,0,-15.516,1,0.0464,0.896,0.243,0.116,0.831,72.103,spotify:track:3XhTHMleuyoQCP8jxOeIhD,125400
Lee Dorsey,Do-Re-Mi,1139,0.734,0.418,5,-11.597,1,0.0515,0.694,0.0,0.35,0.961,149.168,spotify:track:6DPTrgqQSUvKf1UhBzRt5O,132880
The Drifters,Room Full Of Tears,1140,0.527,0.433,5,-9.94,1,0.0282,0.501,0.0,0.149,0.71,81.984,spotify:track:12qaVv86r6MwvmG6A9ZrL2,174493
Bobby Darin,Multiplication,1141,0.679,0.503,0,-15.89,1,0.0408,0.81,1.08e-05,0.0939,0.961,89.988,spotify:track:2Nff3m7wldOofrtSIu2n4e,135733
Frank Sinatra,Pocketful Of Miracles,1142,0.615,0.373,0,-10.775,1,0.034,0.501,0.0,0.369,0.697,117.278,spotify:track:12AcHr2Z7yFHC4vzZnJwut,159773
Etta James,Seven Day Fool,1143,0.558,0.624,5,-12.612,0,0.0427,0.751,0.0,0.327,0.752,141.163,spotify:track:0zGpnpZkyhz4hBjrjfmFvQ,179760
James Brown And The Famous Flames,Lost Someone,1144,0.217,0.411,1,-11.438,0,0.0405,0.333,0.0,0.364,0.363,184.561,spotify:track:5HveO08yOVzUGTs48bYzU9,210467
Ray Peterson,I Could Have Loved You So Well,1146,0.355,0.579,10,-8.145,1,0.0788,0.393,0.0,0.0887,0.578,131.438,spotify:track:5QhPXM0QVkHfNARSwQByF4,131425
Ral Donner,She's Everything (I Wanted You To Be),1147,0.571,0.707,7,-10.496,1,0.081,0.399,3.39e-06,0.0469,0.711,132.539,spotify:track:1yFpMhwrlUHJ9BuULu6PPg,147931
David Seville And The Chipmunks,Alvin's Harmonica,1148,0.51,0.41,8,-12.257,1,0.0469,0.587,0.0143,0.506,0.82,120.779,spotify:track:6EanPjcrgRrLjs23SPQAaa,162040
Charles Brown,Please Come Home For Christmas,1149,0.503,0.238,4,-17.378,1,0.0359,0.801,0.000562,0.0816,0.358,180.917,spotify:track:2UTO3vuKleiyHjOGX1dppL,170945
Patti Page,Go On Home,1150,0.23,0.347,3,-11.24,1,0.0411,0.922,1.15e-06,0.969,0.281,82.54,spotify:track:1DkKuAjfuTMypBMQbauk1L,152347
Ace Cannon,Tuff,1151,0.591,0.219,10,-12.573,1,0.0661,0.366,0.864,0.0845,0.828,233.429,spotify:track:6nPFRCNTVxvLbhdUZjahXU,138173
Troy Shondell,Tears From An Angel,1153,0.586,0.496,3,-10.967,1,0.028,0.916,1.34e-06,0.28,0.747,99.631,spotify:track:31fuTDBhu5rlU5Mum81eoG,140560
Johnny Preston,Free Me,1154,0.516,0.546,5,-9.2,0,0.047,0.805,0.00546,0.122,0.504,112.231,spotify:track:5kpc3WPbRAinVFMlSGNcNh,152280
The Belmonts,I Need Some One,1155,0.602,0.528,10,-8.532,1,0.0454,0.767,0.0,0.272,0.833,76.733,spotify:track:4vP4YOUxTfZKwAXi68iRQR,170800
Dickie Goodman,Santa & The Touchables,1156,0.633,0.454,7,-11.29,1,0.64,0.857,0.000159,0.329,0.85,135.105,spotify:track:7BywmFdliPDRvotH59zWTQ,110040
Jimmy Dean,Dear Ivan,1157,0.46,0.234,5,-16.003,1,0.0809,0.766,0.0,0.127,0.56,92.45,spotify:track:6IF7vSafOdYl8zbCnCjkNy,230933
Ferlin Husky,The Waltz You Saved For Me,1158,0.432,0.0972,7,-16.311,1,0.0313,0.917,0.000317,0.0926,0.219,69.829,spotify:track:1ALENAjlyDwQybhEinNfqb,182753
The Sensations,Let Me In,1159,0.661,0.851,10,-9.954,1,0.0503,0.467,4.63e-05,0.38,0.948,130.554,spotify:track:1FY6i2ypBOzsMHU2mWXMA9,186067
Sheb Wooley,That's My Pa,1160,0.651,0.651,7,-10.775,1,0.0387,0.0927,0.0826,0.402,0.761,116.156,spotify:track:4tkxuXxeKBeR428wU4XfB7,157600
Tico And The Triumphs,Motorcycle,1161,0.507,0.772,6,-9.292,1,0.0921,0.941,0.958,0.216,0.914,98.893,spotify:track:3R1CKeQH6h0Mi9ViW2Id93,124573
Don Shirley,Drown In My Own Tears,1162,0.634,0.292,1,-15.613,1,0.0301,0.125,0.432,0.0555,0.331,102.625,spotify:track:4qhcrhlxMfvRcMi4nablHV,138400
